>Q9Y223
1	M	0.4089024310205272	0.0
2	E	0.3455253523968943	0.0
3	K	0.9706734068476955	0.0
4	N	0.0006160809757625714	0.0
5	G	-0.17356310109190862	0.0
6	N	0.48133337801896514	0.0
7	N	1.9808824819166264	1.224483959939309
8	R	1.2040151638467511	1.3862009967241882
9	K	0.46629659180775423	0.6352141195770784
10	L	0.0889005913085915	0.4762817897750602
11	R	-0.04176108723148145	0.7022129750175846
12	V	-0.5079117321763227	0.427623181109733
13	C	-0.5864491049042052	0.3944364345349838
14	V	-0.692683116925766	0.33860312082603156
15	A	-0.4684076044419966	0.454291495091444
16	T	-0.38815276888233236	0.7578149154931644
17	C	-0.22223528252948194	1.0825711642324636
18	N	-0.49703726755689265	0.6246410361004631
19	R	-0.38565014275440124	0.7672016660853235
20	A	0.10160395600469961	0.8187995705040577
21	D	0.025379845473672256	0.7683925362030722
22	Y	-0.25314840501643104	0.5990800552253579
23	S	-0.17993417605446843	0.5395280794684182
24	K	-0.43083899414902127	0.3126628167735242
25	L	-0.47837906309318085	0.29833051073071787
26	A	-0.5674338625345736	0.27065418101308086
27	P	-0.48881471192927844	0.43671711435881355
28	I	-0.49119709517349125	0.45392854523494996
29	M	-0.40017027415899875	0.5205825331686436
30	F	-0.15669610084300797	0.9342168608146434
31	G	-0.003559392433963815	1.2044885111113217
32	I	-0.11335527618243098	1.0424748896028335
33	K	-0.1434279407903838	0.8456613317359629
34	T	-0.27401192601978225	0.579948504995961
35	E	-0.12699861737674506	0.6380236916501199
36	P	0.052222498982816654	0.5847604510784459
37	E	0.28837873408920334	0.6636695617877543
38	F	0.40558177503001414	0.5894085622248821
39	F	-0.12020862663588691	0.5615466405593111
40	E	-0.23422608115131505	0.4790289302796596
41	L	-0.42928157506184517	0.42376156777780866
42	D	-0.46961491230424246	0.30158541277023093
43	V	-0.5224535850530304	0.32476138898416285
44	V	-0.5170133446376513	0.34196267476314496
45	V	-0.3855395740183511	0.5042855505896359
46	L	-0.23516050771598365	0.7014348914558881
47	G	-0.1691659459144275	0.7316595935210517
48	S	-0.2974907369487294	0.5547058750692991
49	H	-0.24679585290552858	0.6556050608878824
50	L	-0.3383705949903077	0.5027192930072543
51	I	-0.23199377512228186	0.5981681056209485
52	D	-0.1392916329595576	0.5187987670392102
53	D	-0.025632694787478344	0.5305594683515346
54	Y	-0.11738636814539401	0.6305878019918226
55	G	-0.0747987971390005	0.47446584887819704
56	N	0.0023220730280837376	0.6487898507625958
57	T	0.05272048982537027	0.7491809392081825
58	Y	-0.01818536772770018	0.789600391167499
59	R	0.17878456288327943	0.9677079420333559
60	M	0.7833022897731213	1.3496621453262625
61	I	0.4071017385579816	1.2276871495648476
62	E	0.08505889428236692	1.025325274636708
63	Q	-0.0991290950673082	0.9340070382348366
64	D	-0.3019325703863159	0.7092958056273543
65	D	0.005760601609670747	0.8719674420328865
66	F	0.11885787509010814	0.9819685590633698
67	D	-0.07123828769409651	0.7282472120138751
68	I	-0.14824512267874387	0.802596468164651
69	N	-0.12697420873699822	0.9020274268224316
70	T	-0.35901849945126985	0.7576546165457739
71	R	-0.5262933940559551	0.6398827497942451
72	L	-0.3891646071603635	0.7350950452148165
73	H	-0.20498517277969314	0.7805274077209093
74	T	-0.3720702647808838	0.7274515424645867
75	I	-0.312528685473534	0.7739427692658224
76	V	-0.15728724476012354	1.0221437870438275
77	R	-0.06378295076918565	0.9774464095587102
78	G	-0.6481108015428803	0.35646914795554224
79	E	-0.6865270391784072	0.12223622054599478
80	D	-0.7952373073647019	0.03635952960020457
81	E	-0.6438456322648949	0.14918476193811298
82	A	-0.8209476531682555	0.017545869596122365
83	A	-0.5783586970128831	0.2974895751309388
84	M	-0.0850228999789483	0.6750091303408124
85	V	0.030050790294855873	0.8102848364531863
86	E	0.1961936646703238	0.9289965544081701
87	S	0.26100847174929753	1.0969782320251342
88	V	0.19344367112451352	0.8876465955733694
89	G	0.28065086994199423	1.1259548082052706
90	L	-0.2840324737870204	0.6722124026844865
91	A	-0.29623918670893923	0.8834517921172425
92	L	-0.31737280764066794	0.8205549229474479
93	V	-0.32372381122476757	0.6096171147314579
94	K	-0.6759502127166127	0.3711257124317521
95	L	-0.6879262899836901	0.4631086216362199
96	P	-0.7330919875385087	0.3254276732447824
97	D	-0.941196453004248	0.09490893621475215
98	V	-0.958089445872505	0.037183093404477854
99	L	-0.9003948237826133	0.10645027497798018
100	N	-0.78956233997451	0.21780416030689703
101	R	-0.7231095601623322	0.15324595290595386
102	L	-0.6915385059486839	0.2910710004445704
103	K	-0.22794261337546987	0.39393570722013344
104	P	0.3200462284764028	1.198718264360026
105	D	0.45799280385353053	1.0628028326679744
106	I	-0.04584798130076415	0.8044618218313841
107	M	-0.3917269285001664	0.5721283194869399
108	I	-0.6193306031993402	0.470557780966431
109	V	-0.6607049181734811	0.22907013454865185
110	H	-0.6470001653261281	0.3437861554191643
111	G	-0.7656321146023507	0.15116259197214557
112	D	-0.7763746108975816	0.11726601375323521
113	R	-0.8197114338590846	0.19761445901496832
114	F	-0.7019976215788959	0.27972972384814004
115	D	-0.5948187481898278	0.3418216561929776
116	A	-0.539787984984858	0.42536898067080087
117	L	-0.35811010662042797	0.4990365311578285
118	A	-0.3086593311969855	0.512756116605951
119	L	-0.20759576350248204	0.6537168669661292
120	A	-0.12124483239875983	0.7610442385542572
121	T	-0.027812318613613465	0.9644105341341109
122	S	-0.09585136602402557	0.9371148859022151
123	A	-0.3421789860628561	0.5550415313701993
124	A	-0.4558089303076952	0.43236492516350755
125	L	-0.5290087528363636	0.3181813834168432
126	M	-0.2753460620545564	0.5069278158886771
127	N	-0.05295062097410078	0.6981161900612717
128	I	-0.16120568429112989	0.800712852897521
129	R	-0.10942575906395252	0.7665070747510417
130	I	-0.15583738595166174	0.7913682090229467
131	L	-0.1923516506781887	0.8160729992987629
132	H	-0.06794905535819006	0.9787888882280052
133	I	-0.09590968173915576	0.8540426903849515
134	E	-0.025247890240368515	0.8702048036627579
135	G	-0.17455032384660188	0.5106493230712262
136	G	0.07527269875635857	0.7443484694160241
137	E	0.41128478656505746	1.2371027132229233
138	V	0.42453254105640825	1.1787901627181263
139	S	0.5190727656560417	1.091843804152888
140	G	0.7065108634753209	0.9294058647373676
141	T	0.558415890732806	0.7959488250973009
142	I	0.4047220259694009	0.7086726744156051
143	D	0.47043106250901695	0.6922495948887633
144	D	0.5470819315385463	0.7258312754736305
145	S	0.39817122045417386	0.8373955394458574
146	I	0.2801077231481522	0.8770003995165516
147	R	0.2696670879684503	0.9188111087343134
148	H	-0.7935466412610124	0.0707319530302751
149	A	-0.8995000974728566	0.024345434064856848
150	I	-0.05155190107641154	0.7704430739602341
151	T	-0.26844344300706025	0.5327262022846437
152	K	-0.41744948003155774	0.28790780163399365
153	L	-0.48064747889190007	0.3678631335486743
154	A	-0.5206100461066876	0.30808220840245
155	H	-0.5298660399538436	0.3489337641324179
156	Y	-0.5637997846374961	0.3939786301652698
157	H	-0.5014244933119044	0.6333044860338035
158	V	-0.6341648768338889	0.35523590928705284
159	C	-0.6427446528528769	0.3211235653211055
160	C	-0.6533080976911516	0.35979755289975995
161	T	-0.6245016602009485	0.44257966394880693
162	R	-0.5531094026105596	0.5957177175184825
163	S	-0.5907844240145202	0.48499592770973815
164	A	-0.6819565130687408	0.33032808708747396
165	E	-0.5217000836310461	0.3490347194952871
166	Q	-0.38824192824105347	0.4863516005695367
167	H	-0.3804670057131013	0.6103524190396704
168	L	-0.3962105595686182	0.5593766294994924
169	I	-0.32036131887396024	0.5652745619427034
170	S	-0.17435506241464754	0.8226985538623259
171	M	-0.7000080434708456	0.07657100202565248
172	C	-0.3634990569402163	0.6675584198308904
173	E	-0.34945462636862296	0.5327277283811805
174	D	-0.0343790080893723	0.7832396214766172
175	H	-0.049385024822179546	1.0496669934378917
176	D	0.16595061644903386	0.9115850542713544
177	R	-0.15550869979099774	0.6651858327726963
178	I	-0.37387416086981534	0.36477672732738803
179	L	-0.34566849957441687	0.3120443769743802
180	L	-0.08566951834285041	0.8224448400489335
181	A	0.07312045594660777	1.0003676223538178
182	G	0.3490607434045196	1.2404842030550067
183	C	0.21376095322993405	0.9915955979561526
184	P	0.2322830103929993	0.8868568748204837
185	S	-0.027537162887527684	0.5754005785283266
186	Y	-0.416315382628933	0.398059716926422
187	D	-0.5157635471445878	0.48462801104462166
188	K	-0.487476525494991	0.593929024001407
189	L	-0.5066511439811109	0.6657715693376373
190	L	-0.3538059699407279	0.7907182707200384
191	S	-0.1223870511207499	1.0465755560415722
192	A	0.11727343930873432	1.2152535712852455
193	K	0.26107224725361217	1.4304829446496623
194	N	0.05455126680524419	1.4714534314888368
195	K	1.0346781162742429	1.8927717359550704
196	D	0.7211380751023285	1.114165565504224
197	Y	0.31176399063803795	0.4528647168969938
198	M	0.19162248329599696	0.24794720156122668
199	S	nan	nan
200	I	0.25479755123572945	0.0
201	I	0.04424381952150469	0.09051650187026965
202	R	0.15465069474180224	0.19040614110024998
203	M	0.17240827490711408	0.025120604305017825
204	W	0.16843974427065397	0.2529569531914779
205	L	-0.30734258363490713	0.6623885109839259
206	G	-0.3004568248855474	0.7199432378023236
207	D	-0.2442038317157956	0.8654789877646586
208	D	-0.34094885844822653	0.7802891417231773
209	V	-0.401367640326146	0.6711731989796214
210	K	-0.3736826764190109	0.5787827452570475
211	S	-0.09076935253365669	0.6342037854379082
212	K	0.3101235667492632	0.7416250287423591
213	D	0.2698629515440879	0.6610736907965494
214	Y	0.029523257349231946	0.4707799156599799
215	I	-0.2749783199622499	0.5697563564180719
216	V	-0.3983182794348051	0.49994866585753317
217	A	-0.36558658415658374	0.513154998565336
218	L	-0.18632361014913273	0.49246748007013463
219	Q	0.08703075147471226	0.5811894568176939
220	H	0.26993150265657806	0.8252865936166953
221	P	0.41596328906881486	1.2021497540831911
222	V	0.3733371765640331	1.3458216192169887
223	T	0.24167085251140788	1.3058612332268213
224	T	-0.09648662996559261	1.114944209992809
225	D	-0.09429139255471168	1.1400239180159009
226	I	-0.18677617290551263	1.1675034268626432
227	K	-0.271413701236451	1.2439437182109072
228	H	-0.39961545519104547	1.0925734405174412
229	S	-0.5943420687251865	0.9682184446506403
230	I	-0.25499528710750985	1.1661980028728742
231	K	-0.3078966891221514	1.1260512114501147
232	M	-0.23224830861663573	1.0800784390764937
233	F	-0.15056561629321713	0.9513039411831897
234	E	0.1702140310884595	1.0120620697137435
235	L	0.026707321553833707	1.0321069278040447
236	T	-0.044273295674063004	0.9341280177651143
237	L	0.07741177381486772	0.829678173841134
238	D	0.0024767339706846443	0.9755291423202501
239	A	0.046107369701111435	0.9556940887441937
240	L	-0.1408176561163324	0.9053654517161204
241	I	-0.06306874377129942	0.770579780691263
242	S	-0.06874047628149113	0.846998514774075
243	F	-0.10085090052449215	0.8161270255507875
244	N	-0.2794068969029123	0.783627729750286
245	K	0.17266422638644346	0.0
246	R	0.08373366085997576	0.0
247	T	-0.49808631011633586	0.8087168062331986
248	L	-0.6454980062205811	0.7355500990510744
249	V	-0.5282711715598827	0.8047701004976469
250	L	-0.4812421939165894	0.8547250222202589
251	F	-0.27350441757683064	1.1740496371372757
252	P	-0.2865921930992432	1.0502300651439003
253	N	-0.35728327352046585	1.0722832791928387
254	I	-0.04105637358493882	1.064544226462332
255	D	0.03159112485441007	1.049191652627096
256	A	-0.21221030792513312	1.0596890153269265
257	G	-0.1546662996823742	0.9109343988764191
258	S	0.28989912494067915	1.129365989736336
259	K	0.2214030964644132	1.1902279318912148
260	E	0.39600243079230324	1.1249869569896196
261	M	0.5194862426408731	1.1253040109407635
262	V	0.7763563604494299	0.9828458622280434
263	R	2.120424593216106	0.45494828877811655
264	V	1.6667961346097564	0.16252572720564817
265	M	0.6872020284008072	0.866997956572708
266	R	0.8872829393808509	0.8011856899090446
267	K	1.0532153421737216	0.6292354540536819
268	K	1.1819607333073563	0.655400027471028
269	G	1.3429093200964022	0.8404532974365166
270	I	1.3881607976009254	1.3054984472030795
271	E	1.5091522712618908	1.3048256875055686
272	H	1.6054261408578718	1.2465824173775588
273	H	1.8854259302470315	1.2638618548497447
274	P	1.888895145158751	1.2830457163394315
275	N	1.6002314966241926	1.3934026819383172
276	F	1.2574023455341172	1.385512138807507
277	R	1.0856312270469952	1.2505935727650568
278	A	1.0614067380297285	1.4486517824624812
279	V	1.145444498701896	1.5589945468346345
280	K	1.636581843248245	1.769352487602476
281	H	1.7435584371558774	1.7755360785024024
282	V	1.5404926988072443	1.7202751814499386
283	P	1.6528215323009359	1.9311932360124533
284	F	1.2792965224300663	1.3890765161257008
285	D	0.9012996034989108	1.1677815964957163
286	Q	0.6932416330664959	0.9469681501514776
287	F	0.45899064999194933	0.8910897495496607
288	I	0.6838127181070074	0.872755989630785
289	Q	0.621211513206595	0.8557086591335991
290	L	0.3631419332601408	0.7587611809508736
291	V	0.3945398110233313	0.8174529667555402
292	A	0.6662212535694858	0.8966606575534712
293	H	0.5904307113996754	0.8737989138009138
294	A	0.5352582342161578	0.8176660492453726
295	G	0.8339782792550949	1.0303129398441617
296	C	0.961813839615186	1.163217685879159
297	M	0.9121658541197224	1.1024388230417959
298	I	0.6739445298069207	0.9413878364515516
299	G	0.6517137561170754	1.0553825658374463
300	N	0.4236752301953176	0.9624920732170078
301	S	0.1418344359392382	0.8378529145802507
302	S	0.13158871798125577	0.7956715103839231
303	C	0.17266541056168516	0.6967774860356523
304	G	-0.033423849954285934	0.6605877763026873
305	V	-0.167175738940795	0.5445410996470316
306	R	-0.16844967787368445	0.49021700388585565
307	E	-0.23768296041019246	0.46904902637269136
308	V	-0.41688688209875224	0.5243318922836501
309	G	-0.40886720862099885	0.6405144494056901
310	A	-0.5764499526496917	0.6389623618943037
311	F	-0.6708399989334586	0.7313556003486139
312	G	-0.5724356856834366	0.8694938101718892
313	T	0.08540039762325018	0.3407309274891133
314	P	0.026481602638702733	0.47632423175828714
315	V	-0.1561401232983208	0.43042162127676165
316	I	-0.14359704708190738	0.5456524547455536
317	N	-0.5258617561343202	0.8006395748864439
318	L	-0.5207045933964023	0.904863879745994
319	G	-0.5613529244312849	0.9862805174545789
320	T	-0.5498590577215616	0.930896463886225
321	R	-0.6581298876014399	0.7037982454553203
322	Q	-0.608573088277058	0.5819646059129462
323	I	-0.4970911366813387	0.6263161461649244
324	G	-0.5719276506850794	0.5236845358206885
325	R	-0.48638194893483416	0.6374094855140006
326	E	-0.42481894859452235	0.7669604973973797
327	T	-0.2697581291430828	0.8032865288721582
328	G	-0.18097161622201263	0.8471408687232688
329	E	-0.18348034514326028	0.8472945391181124
330	N	-0.13866789933681772	0.652380330953979
331	V	-0.3733788667283672	0.6191173749335148
332	L	-0.45654059607942604	0.6673480795857977
333	H	-0.39129592503190075	0.758314302199822
334	V	-0.2213089296811268	0.921437453324065
335	R	0.04658730050317884	0.9144982252710632
336	D	0.24432686568184092	0.9002908290379508
337	A	0.5010347934787428	1.03277648683965
338	D	0.10136564128898522	0.7890588194601074
339	T	0.13695778071487358	0.634205106346987
340	Q	0.2527280668463729	0.335202702311903
341	D	0.2217137851497956	0.3291329157438296
342	K	-0.04624710849031543	0.2037589980144522
343	I	0.052677955459964045	0.6066160271851718
344	L	-0.15112124187732265	0.6173666921416063
345	Q	0.0009664275266737521	0.8120646435014831
346	A	0.12981866104268153	0.7926641873530963
347	L	0.32949416513150087	1.0169445160480755
348	H	0.09931346029093038	0.7434825506620091
349	L	-0.05204244580084867	0.8012129477623502
350	Q	0.2085236353466303	0.9825615546778604
351	F	0.15673790987376823	1.0400485822434167
352	G	-0.1628733330747636	0.800070596613324
353	K	-0.13617459182355013	0.8681635646060112
354	Q	0.16416093958634786	0.972957746008285
355	Y	0.18638132495008441	1.1251523429612496
356	P	0.059590055357879	1.0354756034168455
357	C	0.24462835795471313	1.2108377932205554
358	S	0.34107480567161313	1.002134144863582
359	K	0.25392334808387795	0.7897033906487495
360	I	0.3843869079585459	0.7662741459674793
361	Y	0.13941713325748797	0.8369541248921792
362	G	0.26623211645360667	0.8907792151285635
363	D	0.24073389409357562	0.8009476107991865
364	G	0.1402413565132986	0.7181915382731452
365	N	0.13016264691549276	0.8279682765667653
366	A	-0.09964696774325968	0.8236796057500463
367	V	-0.17931410918316687	0.59095479364484
368	P	-0.3477332619828327	0.611226063401435
369	R	-0.3850017945816248	0.42498746595157516
370	I	-0.4245949295560133	0.2934010549027884
371	L	-0.3989940443573573	0.3593309813135092
372	K	-0.15703461012330716	0.4963146986166727
373	F	-0.1491519379245445	0.48570334848350327
374	L	-0.08750263793233795	0.5573903577826648
375	K	-0.10061941728849048	0.5840609636804046
376	S	-0.04847854313994584	0.6029036754156119
377	I	-0.28039165110068476	0.6076974345045004
378	D	-0.26882816713704105	0.8107918497921193
379	L	-0.3385009792343318	0.8471514415210846
380	Q	-0.33269608686512886	1.082667310127291
381	E	-0.333655034024293	1.2635087628510935
382	P	-0.3347864671631692	1.2524650541433704
383	L	-0.3541241274747237	0.880170243259888
384	Q	-0.3586408552213779	0.5841770019589827
385	K	-0.22767350445194023	0.7254710330572426
386	K	-0.08809128076929214	0.6995314713878313
387	F	0.23019242959040337	0.9015424238927511
388	C	0.6857115439307236	0.9059643798382052
389	F	1.2441732073499887	1.2596969045682027
390	P	1.950112783282132	1.5223341717756453
391	P	2.054381931421353	0.5094680233562269
392	V	nan	nan
393	K	nan	nan
394	E	nan	nan
395	N	nan	nan
396	I	nan	nan
397	S	nan	nan
398	Q	nan	nan
399	D	nan	nan
400	I	nan	nan
401	D	nan	nan
402	H	nan	nan
403	I	nan	nan
404	L	nan	nan
405	E	nan	nan
406	T	nan	nan
407	L	nan	nan
408	S	nan	nan
409	A	nan	nan
410	L	nan	nan
411	A	nan	nan
412	V	nan	nan
413	D	nan	nan
414	L	nan	nan
415	G	nan	nan
416	G	nan	nan
417	T	nan	nan
418	N	nan	nan
419	L	nan	nan
420	R	nan	nan
421	V	nan	nan
422	A	nan	nan
423	I	nan	nan
424	V	nan	nan
425	S	nan	nan
426	M	nan	nan
427	K	nan	nan
428	G	nan	nan
429	E	nan	nan
430	I	nan	nan
431	V	nan	nan
432	K	nan	nan
433	K	nan	nan
434	Y	nan	nan
435	T	nan	nan
436	Q	nan	nan
437	F	nan	nan
438	N	nan	nan
439	P	nan	nan
440	K	nan	nan
441	T	nan	nan
442	Y	nan	nan
443	E	nan	nan
444	E	nan	nan
445	R	nan	nan
446	I	nan	nan
447	N	nan	nan
448	L	nan	nan
449	I	nan	nan
450	L	nan	nan
451	Q	nan	nan
452	M	nan	nan
453	C	nan	nan
454	V	nan	nan
455	E	nan	nan
456	A	nan	nan
457	A	nan	nan
458	A	nan	nan
459	E	nan	nan
460	A	nan	nan
461	V	nan	nan
462	K	nan	nan
463	L	nan	nan
464	N	nan	nan
465	C	nan	nan
466	R	nan	nan
467	I	nan	nan
468	L	nan	nan
469	G	nan	nan
470	V	nan	nan
471	G	nan	nan
472	I	nan	nan
473	S	nan	nan
474	T	nan	nan
475	G	nan	nan
476	G	nan	nan
477	R	nan	nan
478	V	nan	nan
479	N	nan	nan
480	P	nan	nan
481	R	nan	nan
482	E	nan	nan
483	G	nan	nan
484	I	nan	nan
485	V	nan	nan
486	L	nan	nan
487	H	nan	nan
488	S	nan	nan
489	T	nan	nan
490	K	nan	nan
491	L	nan	nan
492	I	nan	nan
493	Q	nan	nan
494	E	nan	nan
495	W	nan	nan
496	N	nan	nan
497	S	nan	nan
498	V	nan	nan
499	D	nan	nan
500	L	nan	nan
501	R	nan	nan
502	T	nan	nan
503	P	nan	nan
504	L	nan	nan
505	S	nan	nan
506	D	nan	nan
507	T	nan	nan
508	L	nan	nan
509	H	nan	nan
510	L	nan	nan
511	P	nan	nan
512	V	nan	nan
513	W	nan	nan
514	V	nan	nan
515	D	nan	nan
516	N	nan	nan
517	D	nan	nan
518	G	nan	nan
519	N	nan	nan
520	C	nan	nan
521	A	nan	nan
522	A	nan	nan
523	L	nan	nan
524	A	nan	nan
525	E	nan	nan
526	R	nan	nan
527	K	nan	nan
528	F	nan	nan
529	G	nan	nan
530	Q	nan	nan
531	G	nan	nan
532	K	nan	nan
533	G	nan	nan
534	L	nan	nan
535	E	nan	nan
536	N	nan	nan
537	F	nan	nan
538	V	nan	nan
539	T	nan	nan
540	L	nan	nan
541	I	nan	nan
542	T	nan	nan
543	G	nan	nan
544	T	nan	nan
545	G	nan	nan
546	I	nan	nan
547	G	nan	nan
548	G	nan	nan
549	G	nan	nan
550	I	nan	nan
551	I	nan	nan
552	H	nan	nan
553	Q	nan	nan
554	H	nan	nan
555	E	nan	nan
556	L	nan	nan
557	I	nan	nan
558	H	nan	nan
559	G	nan	nan
560	S	nan	nan
561	S	nan	nan
562	F	nan	nan
563	C	nan	nan
564	A	nan	nan
565	A	nan	nan
566	E	nan	nan
567	L	nan	nan
568	G	nan	nan
569	H	nan	nan
570	L	nan	nan
571	V	nan	nan
572	V	nan	nan
573	S	nan	nan
574	L	nan	nan
575	D	nan	nan
576	G	nan	nan
577	P	nan	nan
578	D	nan	nan
579	C	nan	nan
580	S	nan	nan
581	C	nan	nan
582	G	nan	nan
583	S	nan	nan
584	H	nan	nan
585	G	nan	nan
586	C	nan	nan
587	I	nan	nan
588	E	nan	nan
589	A	nan	nan
590	Y	nan	nan
591	A	nan	nan
592	S	nan	nan
593	G	nan	nan
594	M	nan	nan
595	A	nan	nan
596	L	nan	nan
597	Q	nan	nan
598	R	nan	nan
599	E	nan	nan
600	A	nan	nan
601	K	nan	nan
602	K	nan	nan
603	L	nan	nan
604	H	nan	nan
605	D	nan	nan
606	E	nan	nan
607	D	nan	nan
608	L	nan	nan
609	L	nan	nan
610	L	nan	nan
611	V	nan	nan
612	E	nan	nan
613	G	nan	nan
614	M	nan	nan
615	S	nan	nan
616	V	nan	nan
617	P	nan	nan
618	K	nan	nan
619	D	nan	nan
620	E	nan	nan
621	A	nan	nan
622	V	nan	nan
623	G	nan	nan
624	A	nan	nan
625	L	nan	nan
626	H	nan	nan
627	L	nan	nan
628	I	nan	nan
629	Q	nan	nan
630	A	nan	nan
631	A	nan	nan
632	K	nan	nan
633	L	nan	nan
634	G	nan	nan
635	N	nan	nan
636	A	nan	nan
637	K	nan	nan
638	A	nan	nan
639	Q	nan	nan
640	S	nan	nan
641	I	nan	nan
642	L	nan	nan
643	R	nan	nan
644	T	nan	nan
645	A	nan	nan
646	G	nan	nan
647	T	nan	nan
648	A	nan	nan
649	L	nan	nan
650	G	nan	nan
651	L	nan	nan
652	G	nan	nan
653	V	nan	nan
654	V	nan	nan
655	N	nan	nan
656	I	nan	nan
657	L	nan	nan
658	H	nan	nan
659	T	nan	nan
660	M	nan	nan
661	N	nan	nan
662	P	nan	nan
663	S	nan	nan
664	L	nan	nan
665	V	nan	nan
666	I	nan	nan
667	L	nan	nan
668	S	nan	nan
669	G	nan	nan
670	V	nan	nan
671	L	nan	nan
672	A	nan	nan
673	S	nan	nan
674	H	nan	nan
675	Y	nan	nan
676	I	nan	nan
677	H	nan	nan
678	I	nan	nan
679	V	nan	nan
680	K	nan	nan
681	D	nan	nan
682	V	nan	nan
683	I	nan	nan
684	R	nan	nan
685	Q	nan	nan
686	Q	nan	nan
687	A	nan	nan
688	L	nan	nan
689	S	nan	nan
690	S	nan	nan
691	V	nan	nan
692	Q	nan	nan
693	D	nan	nan
694	V	nan	nan
695	D	nan	nan
696	V	nan	nan
697	V	nan	nan
698	V	nan	nan
699	S	nan	nan
700	D	nan	nan
701	L	nan	nan
702	V	nan	nan
703	D	nan	nan
704	P	nan	nan
705	A	nan	nan
706	L	nan	nan
707	L	nan	nan
708	G	nan	nan
709	A	nan	nan
710	A	nan	nan
711	S	nan	nan
712	M	nan	nan
713	V	nan	nan
714	L	nan	nan
715	D	nan	nan
716	Y	nan	nan
717	T	nan	nan
718	T	nan	nan
719	R	nan	nan
720	R	nan	nan
721	I	nan	nan
722	Y	nan	nan
