>P38401
1	M	nan	nan
2	G	nan	nan
3	C	4.46621140804653	0.0
4	T	2.5456525976843176	0.0
5	L	1.3752124828631829	0.5150028791024253
6	S	1.6488705134441193	0.946377815422975
7	A	1.4935491314570941	1.1705477251861125
8	E	1.842256900188647	1.4001264867095606
9	D	1.1878189891752575	0.7810501834545474
10	K	0.8699730836682604	0.7689181605717206
11	A	0.47659827404372485	0.9082838660022795
12	A	0.3498424355860513	0.9124287093233083
13	V	-0.0720982538616439	0.4206577383511561
14	E	0.25054208952642154	0.7103072950695347
15	R	0.06153319371578649	0.8851925945750082
16	S	-0.34331526557820446	0.6698487121713815
17	K	-0.10593972581033362	0.7177276043628749
18	M	-0.05123766444701361	0.7599490285819325
19	I	-0.12435838353530189	1.1816190933263009
20	D	-0.3418228480591081	0.8229032570702087
21	R	-0.12879953241879813	0.9261305491672597
22	N	-0.15302802967997198	0.8456442449149231
23	L	-0.19473106639689258	0.7792373559643085
24	R	-0.040228838973663986	0.807254808565905
25	E	0.3293245284659225	0.23756395844347433
26	D	0.5192058121646443	0.6808863401492152
27	G	0.2113707679350246	0.6708717071055231
28	E	0.35218368929579436	0.797719380008734
29	K	0.29782334213037054	0.5857017656023775
30	A	0.005746804216116353	0.9246488852911481
31	A	0.09241061364538168	0.9392032554361869
32	R	1.732537130689938	2.6004289441887862
33	E	1.0001346880530382	1.2098621127398612
34	V	0.10278718051266429	0.9748365693018024
35	K	-0.081535921928242	0.7698431092030398
36	L	-0.4490490063944182	0.46482156776156974
37	L	-0.5979966404639361	0.32693517190178606
38	L	-0.7467238155656999	0.3095159459556164
39	L	-0.9153756825540661	0.2827214751909399
40	G	-0.522991742557848	0.7448469901543191
41	A	-0.6789680449111802	0.40204554376352347
42	G	-0.48670527704583694	0.6419203090036693
43	E	-0.47126018818339366	0.7126924733081944
44	S	-0.7033993965233704	0.4623050888352806
45	G	-0.9442460194108536	0.37372457596687736
46	K	-0.8400526135156307	0.3929429771426979
47	S	-0.5420831281553399	0.5054441904922924
48	T	-0.77710204795377	0.33315942077361743
49	I	-0.8336892001919886	0.41038398653293445
50	V	-0.7001804875072368	0.38459588927848265
51	K	-0.6840664618106082	0.305188632435619
52	Q	-0.6568512136199661	0.3750184294867459
53	M	-0.4982860541551262	0.5057177070441276
54	K	-0.1725794071017963	0.34218569878137306
55	I	-0.28053463453899574	0.37842746734010546
56	I	-0.06728060199928952	0.49262017049771734
57	H	0.028011529389900543	0.5354034272162682
58	E	0.7646152615703324	0.6385308885723444
59	A	1.5295869127495179	0.8103519299944216
60	G	0.7808528092756754	0.6357387123938056
61	Y	0.10465677139092318	0.6563722407964515
62	S	0.4500562943479024	0.6475856158188408
63	E	0.6195210523401673	0.7452000375501683
64	E	0.562243151980057	0.757251506061868
65	E	0.15333221906998618	0.6794676800640733
66	C	-0.0951355215317104	0.6975216449660725
67	K	-0.12273957642792982	0.555741897895339
68	Q	-0.23325134797532548	0.6406185725705477
69	Y	-0.2590886543092477	0.3573305027735975
70	K	-0.2980454884657085	0.44494745068069524
71	A	-0.343011462277469	0.42170172237164505
72	V	-0.8326621611013643	0.4714763498513843
73	V	-0.7899253753658123	0.40069865931345366
74	Y	-0.6042360972985582	0.44958129135056085
75	S	-0.8128843454521026	0.5604643104326524
76	N	-0.8447685773678609	0.452402611560106
77	T	-0.4558893210104119	0.5535396154560135
78	I	-0.5597647853647956	0.521707299773051
79	Q	-0.531296324495051	0.6812123689507921
80	S	-0.4771191126731579	0.34072516070708225
81	I	-0.4720662693919574	0.3404695383807397
82	I	-0.5612380733523564	0.37985434290833137
83	A	-0.6807986677092787	0.6079850145022448
84	I	-0.2307395581394922	0.6786533002605247
85	I	-0.1634748156637879	0.6347864634416371
86	R	-0.1067825041341252	0.9707559262888477
87	A	-0.09055574319579635	0.5091130222511122
88	M	-0.09641277975948641	0.6875575351547859
89	G	0.22990240735109907	0.5862283848730929
90	R	0.6710595123290863	0.765892743271963
91	L	0.4803675606710096	0.4922543989459014
92	K	0.9299440475982925	0.5240328849762976
93	I	0.27728802589500023	0.6038208303253466
94	D	0.7089239543577173	0.5941343540501595
95	F	0.4844829016678751	0.570203942905337
96	G	0.7804263230222648	0.6850889179316068
97	D	1.0953987990857494	0.9260990092607685
98	S	1.227828924208461	0.6647967675588173
99	A	0.8740144764701153	0.6473083241978538
100	R	0.5250267797976487	0.7343755572875045
101	A	0.5532264079769416	0.7256556082031193
102	D	0.751009287895246	0.7876277991053012
103	D	0.15918302984747923	0.7183842297504822
104	A	-0.06547091749927147	0.6223290443043397
105	R	0.07475236755744545	0.9123847166385033
106	Q	0.22030888463021733	0.6867112593531599
107	L	-0.1737148801411428	0.7950006043656382
108	F	-0.12167842557039925	0.7978111790803428
109	V	0.21584869330728346	0.7590906115986652
110	L	0.06109427639994066	0.903714299706341
111	A	0.28994121960304575	0.9695142801789379
112	G	0.962591189013883	1.1628343203769393
113	A	1.3961420385207843	1.2604683486165966
114	A	1.6840080841840492	1.556762016425925
115	E	2.630539207260397	0.8858087704294049
116	E	1.486205023284223	1.4768268601253043
117	G	0.9638606309996227	1.6377514306917793
118	F	1.293806738451261	1.4938241119610427
119	M	1.116012303144212	1.2308804608399455
120	T	1.1827080897750002	1.0789169652604689
121	A	0.9616159471137335	0.9786333062785728
122	E	0.7349997233925706	0.8073838950520176
123	L	0.10792484439425423	0.7441908489422417
124	A	-0.009932326042872844	0.5389178191487836
125	G	-0.028422111432920963	0.504986850459242
126	V	-0.11466107809608382	0.5388743575446849
127	I	-0.40857289054400486	0.6351320703621198
128	K	-0.042035864581891486	0.6978127652948449
129	R	0.05970152824848004	0.5013598755988824
130	L	-0.17149019835689763	0.5382630982305566
131	W	-0.18807388057435712	0.4979578473041052
132	K	0.3859073736138556	0.9799489415468606
133	D	0.11851424421007699	0.7378560392101221
134	S	0.025749868868651445	0.6911780124144091
135	G	0.08127559551975434	0.532309985977141
136	V	-0.15128941490316394	0.5570083277319445
137	Q	-0.20018954850385776	0.5272226622580706
138	A	-0.12698638359840705	0.45455029643223355
139	C	-0.3557732062772614	0.5841689720498412
140	F	-0.41479843084425894	0.5289598900633654
141	N	-0.3744399507535371	0.7939039466255551
142	R	-0.2756861956639996	0.5466017829473395
143	S	-0.2212834842099866	0.5080670517768383
144	R	-0.028966982599140902	0.5157988163433999
145	E	-0.2168763588826459	0.3304306101365431
146	Y	-0.21543958117108267	0.460105051495851
147	Q	-0.3693544739816271	0.30394513181599325
148	L	-0.338130966097536	0.5049785826451083
149	N	-0.18736693628965412	0.44143426932617397
150	D	-0.3923197019278472	0.42274155603652247
151	S	-0.8937161743390732	0.24112145325569234
152	A	-0.5550104455533134	0.28553475626303565
153	A	-0.7727599974330158	0.40091898773125234
154	Y	-0.7723134668018322	0.35171033147535935
155	Y	-0.7588112354152078	0.4019435270056645
156	L	-0.42507322627562827	0.5520011186587268
157	N	-0.32212687977269167	0.2871564722016824
158	D	-0.35950893711989806	0.41278215078214714
159	L	-0.03623217312557571	0.36627288189439494
160	D	0.3496858161171265	0.4859921593716877
161	R	0.16483919890073892	0.42919609514552143
162	I	0.18838169558754905	0.765132326699
163	A	0.3018775274457203	0.3842423835319425
164	Q	0.8232534659086357	0.49370493183957986
165	S	1.4768430300406612	0.5729556255392555
166	N	1.6411576894970006	0.9266831715138333
167	Y	0.20523317113382064	0.4741253103222861
168	I	-0.16588465502299196	0.3303751390564773
169	P	-0.42622217783535643	0.4143033493890225
170	T	-0.59377877250822	0.5462127435620574
171	Q	-0.38575256229337723	0.4547658287008757
172	Q	-0.6102416354803276	0.3000552162884055
173	D	-0.7488029035196925	0.31211752096684947
174	V	-0.8242197594946735	0.27252445450785145
175	L	-0.7145464377128267	0.34078663023328465
176	R	-1.0004360987781733	0.30473235716628033
177	T	-0.9995294284569327	0.4205571454813206
178	R	-0.8119776442021021	0.31439852240935207
179	V	-0.5051447244544698	0.5472467915767576
180	K	0.22622428184004859	0.5235608756674941
181	T	0.4307785575590791	0.6633512797555725
182	T	0.9262493467765552	0.8530857568993276
183	G	1.1569643985144886	0.9884244780078261
184	I	0.5112398095324973	0.739689399078712
185	V	0.21086343948283442	0.5190148796979944
186	E	0.0028577294048722363	0.38799666132673355
187	T	0.24470722902129793	0.5072041276329049
188	H	0.3494391003051035	0.5839182922216535
189	F	-0.09136065741858804	0.4466767026628968
190	T	0.34703458971128626	0.5125877320397201
191	F	0.2561101664497384	0.7347037182403422
192	K	0.31445479454048375	0.8916496926920748
193	D	1.0941511305216243	1.3524774576048197
194	L	0.6516758901585451	0.9071220185859283
195	H	0.429490871006586	0.8682747097339343
196	F	-0.30067261638405085	0.4287495876523062
197	K	-0.266828057689411	0.36413475697351083
198	M	-0.323761597810391	0.4716262832246264
199	F	-0.5253987389014618	0.3087316272081277
200	D	-0.23077291272888542	0.5415166631054327
201	V	0.21657117405142765	0.757053841809412
202	G	0.2449846554489625	0.9381721476578997
203	G	0.5560000605462032	1.2375875193530221
204	Q	0.9673294918378637	1.289142207165161
205	R	0.7180728170189776	1.3007541875984785
206	S	0.5959970551902865	1.3256103864541071
207	E	0.7294162263853851	1.0346112492686956
208	R	0.5124849002839109	0.9452200183984197
209	K	0.540583590775869	0.8285766747661315
210	K	0.3523292969340892	1.0120937503566343
211	W	0.20833310123095383	0.7432492507595017
212	I	0.04397135896218611	0.5029175104237066
213	H	-0.05757431147229316	0.3969341546422695
214	C	0.3388558701215085	0.6781679993479037
215	F	-0.2787973592607973	0.5162998375764564
216	E	0.06837396671754137	0.5030172807234589
217	G	0.4471022125364068	0.9441466371131529
218	V	-0.26404106128398663	0.34976539958613406
219	T	-0.47173693869976496	0.3334884180415717
220	A	-0.5301517416821211	0.5266388264103307
221	I	-0.7487008701818147	0.2943673781427143
222	I	-0.8118804958315394	0.24414634101121177
223	F	-0.9616086072092301	0.14419737020463058
224	C	-1.0916334583638112	0.25477555221592446
225	V	-0.9875467717746405	0.46839092687978606
226	A	-0.88002994273557	0.4533738410462249
227	L	-0.5908331917868863	0.45129733557347207
228	S	-0.3835206810887642	0.2838199573023982
229	D	-0.12765667771971415	0.3759753936805368
230	Y	-0.3409340231596241	0.4707103042780948
231	D	-0.16388121389098234	0.44155654896354285
232	L	-0.1818792257946506	0.7291748477459157
233	V	0.358412110789576	1.103217842701603
234	L	1.0409737668022045	1.5666068581819808
235	A	1.4110714094217869	1.2857365511775547
236	E	2.331411156486817	1.8706228628726695
237	D	1.704072777658671	1.6103154126701154
238	E	1.6862757458490134	1.001186336693066
239	E	1.688437898056551	1.292099508082093
240	M	1.1388610185410273	1.329876497252953
241	N	0.2590923366316843	0.8098856391673046
242	R	-0.20820522831602156	0.6726651444022796
243	M	-0.4653327618623986	0.518289829926006
244	H	-0.1792871716765229	0.5638993425473975
245	E	-0.22893043202537036	0.5004098936929053
246	S	-0.3583213387106573	0.46544172029016706
247	M	-0.5997106704335804	0.42470288586331495
248	K	-0.11225636516871422	0.5942584899728495
249	L	-0.5714187747111271	0.6569284141024159
250	F	-0.5696095491507955	0.3960417557846884
251	D	-0.138057489294058	0.5389873925316442
252	S	-0.12139503381317936	0.593922182895899
253	I	-0.364304308304806	0.6739211963959817
254	C	-0.03200132188584378	0.7281393981135436
255	N	0.1388455261089466	0.6788466395102144
256	N	0.22411752254846254	0.9619581502405233
257	K	1.057348550513176	1.1770016967116774
258	W	0.49430821709512546	1.0343118857856857
259	F	0.24559525443027447	0.7746051934364944
260	T	0.7548289646603888	0.7846708516386494
261	D	1.1634234299333126	0.8679423910009212
262	T	0.04341072030909081	0.6314251581128771
263	S	-0.3665793064573054	0.45823086598563295
264	I	-0.5238168201530107	0.45684995423901653
265	I	-0.9942219083552407	0.24085178505018157
266	L	-1.1235730940635749	0.3758196755995285
267	F	-0.9258650087429672	0.18469791437067495
268	L	-1.0211929360426577	0.23276775505213765
269	N	-0.9697743590878403	0.33369944835089127
270	K	-0.7015869884205581	0.5235362978910911
271	K	-0.8116672355673277	0.4815427815795572
272	D	-0.7080152130991559	0.5413902891995476
273	L	-0.4709866766385165	0.41794976391358096
274	F	-0.8891617224075661	0.44042607445465365
275	E	-0.0363176847305107	0.4342819740849358
276	E	0.1835614217140839	0.5369898257848581
277	K	-0.2974113131445928	0.3221290187744633
278	I	-0.41106702865393807	0.4709462623788518
279	K	0.47236379521318106	0.9155102391628184
280	K	0.5865161675054218	0.46421027961683115
281	S	0.20104705952986363	0.3393675788958543
282	P	0.21772178171236778	0.46611025312171345
283	L	0.041587622567205954	0.575977811500408
284	T	0.11234690027850633	0.4259037618649064
285	I	-0.06981381033100109	0.5340981675425266
286	C	0.12016163295610156	0.35037297416037605
287	Y	0.06967512843711302	0.35943861157531765
288	P	0.5330505085967914	0.48219627466237397
289	E	0.4307279683783962	0.6721393318531472
290	Y	-0.05594334374685711	0.3374696897178581
291	T	0.16750909845912237	0.49739056111672647
292	G	-0.02862581942150273	0.4269226645138136
293	S	0.13362660745288632	0.4227583326457031
294	N	0.18419997552755824	0.4260107246003099
295	T	-0.07254352663878205	0.5732153232166001
296	Y	-0.379566161464346	0.41000079803546446
297	E	-0.32812781991659895	0.35698145628761013
298	E	-0.4525176195426533	0.27455014909380765
299	A	-0.6166768322355493	0.33247253607998734
300	A	-0.7041111085477063	0.37010813028531653
301	A	-0.6008541972115542	0.3808588422476407
302	Y	-0.6536952576440125	0.28792431724276185
303	I	-0.8665835372922072	0.3324291808578377
304	Q	-0.8168080401151878	0.350466803511964
305	C	-0.4856977797246703	0.2665446461686366
306	Q	-0.5062011631511789	0.4243145026461183
307	F	-0.8068952496872687	0.19484000745281663
308	E	-0.3074294979076224	0.3095905361019653
309	D	-0.11039751574348752	0.4918386014359029
310	L	-0.24698302513150958	0.48920312024727086
311	N	0.025599560061843198	0.700786271741016
312	K	0.532176128975711	0.9928816005340176
313	R	0.9575243515011127	0.9896143864735303
314	K	0.9741279122953671	1.0115700872704332
315	D	1.8109303255598945	1.1637604145832952
316	T	1.364714711450847	1.127142298063023
317	K	0.9887778301978092	0.7862206831481086
318	E	0.6043584842677636	0.5860356540625534
319	I	-0.2624736275304266	0.4852996756662813
320	Y	-0.44416203698855716	0.3459523021058396
321	T	-0.7045014977392856	0.5464997234661773
322	H	-1.0184065345482376	0.28582878124850664
323	F	-0.965248799000698	0.285737783763532
324	T	-0.8965060041811164	0.2537180721062661
325	C	-0.9385528795232527	0.4002145111706822
326	A	-0.9369700493363176	0.4877069224009925
327	T	-0.6066161632901834	0.5920078938624376
328	D	-0.5341387688354848	0.6824744864867902
329	T	-0.3650172648785214	0.856592680146858
330	K	-0.2242851474836569	0.705219002063165
331	N	-0.3201035818030655	0.7990547566938313
332	V	-0.4863387743690873	0.8499995122788481
333	Q	-0.25585503535998066	0.63834583939543
334	F	-0.36682175754693763	0.6914335173297645
335	V	-0.5943183801827272	0.5669322313286591
336	F	-0.5605111248688865	0.4933540602951634
337	D	-0.28220799589040874	0.5085684985942192
338	A	-0.24971797540819557	0.538301498645091
339	V	-0.4349225747900641	0.4550831223874129
340	T	-0.2186952372778908	0.6206351529197695
341	D	0.1272810205545052	0.8897524028748477
342	V	-0.054188802696160644	0.9051058629355713
343	I	0.12678066615953773	0.9861850368580587
344	I	0.3686229630933302	1.117782677555872
345	K	0.5941192274396523	1.1994173705189664
346	N	1.165307357360097	1.6989919061505125
347	N	1.4361491471315007	2.272232792111715
348	L	1.4435180067256432	2.4888455795061346
349	K	0.48613905603217056	1.9968637870075243
350	D	1.0536246367526336	2.589210316985668
351	C	0.51885919922042	2.36967145886008
352	G	-0.5333260022274422	0.5847394802646458
353	L	-0.41945834244108404	0.2679760703079664
354	F	-0.39653431819808016	0.6847092272023652
