>O08989
1	M	nan	nan
2	A	nan	nan
3	T	nan	nan
4	S	nan	nan
5	A	nan	nan
6	V	nan	nan
7	P	nan	nan
8	S	nan	nan
9	E	5.8740802902519755	0.0
10	N	4.258744522226877	0.7565021805798546
11	L	1.8939151769452651	1.217545437281719
12	P	1.0873363834055483	1.0508602990608862
13	T	0.6916453877656912	0.7921480719460665
14	Y	0.0731323301892263	0.7122302732038093
15	K	-0.1186648706058155	0.5719485111305141
16	L	-0.6466453265642947	0.4197891689472999
17	V	-0.8147595002146012	0.391888509929285
18	V	-0.9022147110188945	0.4533809830474388
19	V	-0.8475353434862116	0.49065035875174484
20	G	-0.8518827287694519	0.516335107422613
21	D	-0.6731024068551895	0.35860560918589435
22	G	-0.3939902396354594	0.454814698422866
23	G	-0.5782123983085664	0.3628806807412726
24	V	-0.9599756232868847	0.23737879101008463
25	G	-0.9607299580782968	0.2851135141326759
26	K	-0.9765146480003633	0.2528394158698468
27	S	-0.8406859719535973	0.33231543076984216
28	A	-0.7995374040280121	0.3449659705362585
29	L	-0.9043376434857386	0.2955364260653043
30	T	-0.6748316675440639	0.35550522717128935
31	I	-0.5505610277512453	0.3198405491881636
32	Q	-0.4856025516130146	0.361604933330366
33	F	-0.3811278499768934	0.40369559915293446
34	F	-0.10761311616422939	0.5820683747563109
35	Q	0.19237728754185648	0.6793129978478529
36	K	0.5188115791747272	0.778723569031143
37	I	0.5689604013716945	0.95963063308396
38	F	0.36370784230599834	0.8354356223364885
39	V	1.3612757332902015	1.9008876129060719
40	P	1.5872366249875682	2.0508179378240072
41	D	1.6549930552848682	1.3426242614502277
42	Y	0.9344776117053962	0.8672685870094824
43	D	1.1751611786439278	0.9492074074405328
44	P	1.4163437831274897	1.241405401611319
45	T	1.4708766350948055	1.4091149029131247
46	I	1.2035421297782984	1.3659502043242047
47	E	1.5363117973116724	1.6421061688733445
48	D	1.2393063979784262	1.2162614211913962
49	S	0.8572535797121862	0.96516003868302
50	Y	0.3127406278034877	0.6585190613562559
51	L	0.36544940896083417	0.47411458320273336
52	K	0.11730171278867418	0.4422488359220026
53	H	0.12969671590197013	0.5278092428308856
54	T	0.20351356256054004	0.4858111615009143
55	E	0.10565985439314614	0.5140772454515034
56	I	-0.04112017060270011	0.49225729498402054
57	D	0.224135736117483	0.5653808983330464
58	N	0.4059192219402409	0.73456240339048
59	Q	0.12180756183188983	0.5510004328378088
60	W	0.11433586540497358	0.5660703556250581
61	A	0.004679894302323402	0.42256054882750416
62	I	-0.152547840777339	0.407198909396396
63	L	-0.2659981872562018	0.33023629338588756
64	D	-0.32526210290790464	0.3401035957045016
65	V	-0.5531616912032666	0.2764148269932493
66	L	-0.523400864187568	0.3703446912117299
67	D	-0.31033918137669714	0.5324784602135694
68	T	-0.17297077338387182	0.6609677963682449
69	A	0.18740851057159857	0.6596037601236641
70	G	0.8345801579217277	0.7611173076578006
71	Q	1.3041733045995363	0.9399280674285792
72	E	1.1665164311760572	1.093111329048176
73	E	0.9836743118939092	1.0497130764241536
74	F	0.831855590175268	1.0443181163274389
75	S	1.065714878769249	0.7838481425036778
76	A	1.0995440742735514	0.818238967278639
77	M	1.1356648555540971	0.7958954463699615
78	R	0.5951883553308366	0.6571195134737673
79	E	0.6122246596821597	0.6201615056996104
80	Q	0.7192944322955055	0.6403318986978391
81	Y	0.43882551609423404	0.690181967065838
82	M	0.46387319553064554	0.7724661003867566
83	R	0.6642014394382921	0.7575127410897219
84	T	0.5244447325796568	0.586750324728557
85	G	-0.20064788320920224	0.2450095626128164
86	D	-0.4656494351498425	0.20064547375029124
87	G	-0.698287145197116	0.19151138221564362
88	F	-0.9736225933418463	0.19708875054730857
89	L	-1.0156068711210389	0.25470353637990856
90	I	-0.9843548215254477	0.24486215651591564
91	V	-1.100283307525716	0.22263685677204048
92	Y	-1.0882360888577627	0.18019505218325763
93	S	-0.9170878599842522	0.17809350659959644
94	V	-0.6834756076225705	0.21591196086540884
95	T	-0.4295017377075518	0.4039272957658322
96	D	-0.42228804236208967	0.47606641020143037
97	K	-0.3030496649223716	0.5305875495882699
98	A	-0.4721401954208493	0.41183500627493724
99	S	-0.7407372554698602	0.2647117183688464
100	F	-0.780133117654003	0.39773053568574884
101	E	-0.23081868825310328	0.460835386759118
102	H	-0.33827554881362987	0.43590090932867803
103	V	-0.4508717119821199	0.3280846729743143
104	D	-0.10558674626599278	0.3743925500579517
105	R	-0.0714359939082351	0.3821498067627766
106	F	-0.30507313562557203	0.3721626507871201
107	H	-0.17256058280366504	0.3478484285361956
108	Q	0.048840063955595855	0.32727004807607213
109	L	0.006676316908614255	0.5310468202877615
110	I	-0.08046515234364551	0.5075449851085614
111	L	0.32122129553987033	0.4758426093837502
112	R	0.7421614411495157	0.8013072693690938
113	V	0.8201173350941972	0.8543901499452413
114	K	0.9320073183238172	0.8510653105358302
115	D	1.447687914408278	0.8360931635175706
116	R	1.3681442340671122	0.8568170993680949
117	E	1.5603982278197333	1.0326125010110359
118	S	1.0251789236061364	0.647502322009938
119	F	-0.020237216565318333	0.41187313241120266
120	P	-0.424739708081998	0.19494855895790036
121	M	-0.571551324241647	0.28378825159197973
122	I	-0.8921598894352171	0.25690739546962654
123	L	-1.0512838546787822	0.23450647164325397
124	V	-1.0910459453030494	0.16777672485720926
125	A	-1.0712770604871207	0.24103933042084993
126	N	-1.0695797338781636	0.20265810852688182
127	K	-0.8370640378827419	0.24815113211727616
128	V	-0.39544001642030074	0.3865596152904346
129	D	-0.18334965205590503	0.4612775156417099
130	L	0.0528791172959032	0.609930246380382
131	M	0.6517870398901083	0.702019383676748
132	H	0.8921550613293568	0.7754107915211256
133	L	0.28906618268135814	0.5640666184429821
134	R	0.031511101738322854	0.543970159618632
135	K	0.03626942243405389	0.6027826255720378
136	V	-0.2408717026615931	0.36757375183977814
137	T	0.06166618396965797	0.46146333513697024
138	R	0.0808916145035323	0.29951689458595865
139	D	0.29633251876778816	0.30149553761048453
140	Q	0.0017798184738737454	0.3572919663656555
141	G	-0.3710269541526553	0.3677083261842779
142	K	-0.13864364974254492	0.39135514448293734
143	E	0.06291551353985214	0.31991043852804
144	M	-0.2507518010985347	0.3520020130985451
145	A	-0.3699087282989706	0.39425688726873476
146	T	0.06977371306978301	0.36933480135987506
147	K	0.24393418535758937	0.5284956000063132
148	Y	-0.04240638790899898	0.49273705683546304
149	N	-0.12200992610627112	0.35993923379264375
150	I	-0.4776431210410516	0.28816414084834663
151	P	-0.5381690974817479	0.43101913949469783
152	Y	-0.741760650651978	0.3586849798763856
153	I	-0.7165545086861331	0.44376511475000946
154	E	-0.6662012853083488	0.31782423624929884
155	T	-0.8761267625919882	0.2874433683437868
156	S	-0.735403734235299	0.299333861429362
157	A	-0.4004769149527075	0.4524396854242788
158	K	0.2339808530280969	0.8049841885826765
159	D	0.5904491664198874	1.1141131585307016
160	P	0.43454946598531946	1.128629496879683
161	P	0.3323228422740121	0.9473889485282224
162	L	-0.24206625583705113	0.501940549824748
163	N	-0.5963370513680342	0.35705897306113143
164	V	-0.624130707433542	0.37282260731161143
165	D	-0.38727071723504636	0.34127140414211493
166	K	-0.4669776678790905	0.3296818993796692
167	T	-0.7573088235492452	0.19818873944106052
168	F	-0.7556949876709119	0.1796539514952544
169	H	-0.590327643529355	0.28204543578894126
170	D	-0.640162926413903	0.30722484799427824
171	L	-0.8258993338133644	0.24895975268207038
172	V	-0.8263168832751319	0.14607279795710162
173	R	-0.581735932237673	0.23377238842179876
174	V	-0.40539405858761873	0.2730468067416572
175	I	-0.4227938629611539	0.2375209727877205
176	R	0.02266194670311607	0.40323469168121745
177	Q	0.808372334290193	0.768559783174778
178	Q	1.3740211125703605	1.1338879143804288
179	V	1.0285065136225169	0.606985079075995
180	P	1.8079831413301852	0.8649581097343743
181	E	2.0225707963553634	1.1727904462775915
182	K	nan	nan
183	N	nan	nan
184	Q	nan	nan
185	K	nan	nan
186	K	nan	nan
187	K	nan	nan
188	K	nan	nan
189	K	nan	nan
190	T	nan	nan
191	K	nan	nan
192	W	nan	nan
193	R	nan	nan
194	G	nan	nan
195	D	nan	nan
196	R	nan	nan
197	A	nan	nan
198	T	nan	nan
199	G	nan	nan
200	T	nan	nan
201	H	nan	nan
202	K	nan	nan
203	L	nan	nan
204	Q	nan	nan
205	C	nan	nan
206	V	nan	nan
207	I	nan	nan
208	L	nan	nan
