>P0DP23
1	M	-0.25133233815026174	1.693554339398778
2	A	-0.362254177519972	1.6019949279512262
3	D	0.23251320382108806	1.7663129234297434
4	Q	0.3741607870882957	1.7684820217530288
5	L	0.3680520765704493	1.3488285105913944
6	T	0.3783505688851879	1.4406587830404238
7	E	0.8945096669857927	1.8037143694312574
8	E	1.040751473123103	1.9340926026382106
9	Q	0.4893524941000088	1.5139416551522216
10	I	-0.0068447258401247435	1.0347231751254082
11	A	-0.0657677674176386	0.8225099363571454
12	E	-0.016077876639681254	0.7564309955921041
13	F	-0.1838486504496117	0.5097207113195725
14	K	-0.12009626535638991	0.5051145901393947
15	E	-0.09871069509107647	0.5333552975371352
16	A	-0.44150801363726166	0.4785506577106643
17	F	-0.6163416782534954	0.4434562505732171
18	S	-0.20079042989292187	0.45853151435139883
19	L	-0.11405602411645635	0.5619850722592076
20	F	-0.2470816627818327	0.48138832655824243
21	D	-0.2769857348407645	0.45358048175818677
22	K	0.24615879082910777	0.511497298014021
23	D	0.34123799454700593	0.7469424927053887
24	G	0.2047995662632789	0.8133383708369131
25	D	-0.05838622827817336	0.5351166956091228
26	G	-0.3194064230431753	0.4426030273965214
27	T	-0.239289911622912	0.43404313492668106
28	I	-0.5666729089025431	0.46033774166021046
29	T	-0.46692325395098955	0.5268851883617256
30	T	-0.39271847559338047	0.5458182253450773
31	K	-0.3273237503643504	0.49625139003120244
32	E	-0.48182823420943216	0.5120161229870925
33	L	-0.47269796661172847	0.507221740092405
34	G	-0.46819031177727916	0.5397794281319069
35	T	-0.43814652631325934	0.5853340906357002
36	V	-0.3811610069081918	0.658339726890124
37	M	-0.24599969839818173	0.66441622726586
38	R	0.04429372130522245	0.7365005211311005
39	S	0.3000264380852805	0.8465340322190422
40	L	0.4344373079989367	0.8993210457491809
41	G	0.5845989642529155	0.9150678407710455
42	Q	0.45079027776159597	1.0282242921129796
43	N	0.2616752799344074	1.087191043893481
44	P	0.10513106972531472	0.983970342438499
45	T	0.13300745208724093	1.0280455827683488
46	E	0.18288993826314187	1.0649916432194966
47	A	0.02106337190898614	1.1592191662988287
48	E	-0.03181434800122661	1.0053938570766365
49	L	-0.2540632812966493	0.9827301995931269
50	Q	-0.23588672772689803	0.9650536253540132
51	D	-0.1235980835934595	0.8221108929906173
52	M	-0.21566867229597242	0.7554595035975488
53	I	-0.44357899982958626	0.44390974239192493
54	N	-0.15698186462823738	0.6716094437183991
55	E	0.0811355484055945	0.5457803265166883
56	V	0.055748655251419574	1.031189493314039
57	D	-0.3954413865998011	0.37243483037488445
58	A	-0.25842107558137284	0.5711392422699886
59	D	-0.10663087363135978	0.6503940977012578
60	G	-0.1806150054597226	0.5657846800683822
61	N	-0.013814749203829184	1.065126150288731
62	G	-0.1322374905215451	0.5712200018080135
63	T	-0.272255238547359	0.5251717802198298
64	I	-0.5870006355397717	0.549790371001334
65	D	-0.6389468020486497	0.5961350786238261
66	F	-0.7310362391158789	0.6381641595595934
67	P	-0.5286281791062664	0.6674567633070774
68	E	-0.7165549801636247	0.6157216541406999
69	F	-0.697966365932534	0.6872129640370245
70	L	-0.5090329869379194	0.6807239046652992
71	T	-0.4663043044353309	0.8510243298889523
72	M	-0.24824261014495197	0.7384344439294858
73	M	-0.01024845542015378	0.9507186076823763
74	A	0.12662918996784522	1.1030621861325098
75	R	0.5443701183053136	1.3694446121289239
76	K	0.721152445810475	1.5284228581780501
77	M	1.0581234263098254	1.8152753410418743
78	K	1.114027433667426	1.8986794966661795
79	D	1.2996606623014173	1.6951584679850595
80	T	1.042785846191617	1.4424955707282292
81	D	0.7094893331189625	1.3115937661229928
82	S	0.42005525296193724	0.9869728383151096
83	E	0.32748204637837286	0.7856985932903465
84	E	0.1662390424476292	0.7586841999106166
85	E	-0.037657776128771456	0.7761617301686444
86	I	-0.17603596864592588	0.7428212754109186
87	R	-0.1862499131716509	0.711985010153237
88	E	-0.2877786308288705	0.6970779058500509
89	A	-0.41924214779699154	0.7189445753079958
90	F	-0.4723457806636883	0.7894251755911211
91	R	-0.3404848154643879	0.8365975325854857
92	V	-0.3982757769466987	0.7906923771187455
93	F	-0.3828736006783269	0.7723250635144071
94	D	-0.21162579954701738	0.8067472048571822
95	K	0.1303460839625251	0.8022264358803933
96	D	0.08665247134872547	0.7905188473664481
97	G	-0.1874144456692841	0.7521194058502492
98	N	-0.18778304679551386	0.7214507554280565
99	G	-0.4410890058039934	0.5382067341170391
100	Y	-0.5205081205962697	0.5283972536509444
101	I	-0.674320346801421	0.4047726945216984
102	S	-0.6817202841767183	0.34629776478993407
103	A	-0.5687039387021013	0.3778583005954242
104	A	-0.5498080426360991	0.48123343479551484
105	E	-0.6047798408511662	0.35392795976452757
106	L	-0.5100693379711643	0.3829106540090139
107	R	-0.38380545602124455	0.4773471257073939
108	H	-0.36708819265453935	0.5241751551508463
109	V	-0.3056378828035435	0.8054175206048213
110	M	-0.17599610819851436	1.0270553107963223
111	T	-0.013384888084676394	1.088372422687659
112	N	0.03393526446269346	0.7163467127481109
113	L	-0.2711012132221573	0.439045819359336
114	G	-0.06472854071046313	0.5668719679829732
115	E	-0.011601351627067344	0.6283027976622637
116	K	0.585523631628946	1.2079510028798077
117	L	0.3289189713431401	0.809456154100713
118	T	0.15190836901875387	0.7561407850907118
119	D	0.2475035364899767	0.8195897482180622
120	E	0.3994914891501603	1.0664849602691104
121	E	0.14787952713133515	0.7862544009148592
122	V	-0.0845545030773301	0.6883391655883059
123	D	-0.03451445715072825	0.6850271724081785
124	E	0.02413145784603949	0.6449933248600305
125	M	-0.1812205012565105	0.5889799879862005
126	I	-0.2555867214963641	0.7193402786988403
127	R	0.232170436271372	0.8887728164112885
128	E	0.27362608788372034	0.8736956445029214
129	A	0.19295029938144187	0.9739759067431263
130	D	0.052360736517146074	0.9672831540054136
131	I	0.5228279336870012	1.1520455587428509
132	D	0.929021864134252	1.2711526271285938
133	G	0.5979398373857736	0.9762885185977521
134	D	0.34517904893083506	0.8825332474512908
135	G	0.026059947826138668	0.9270121132118442
136	Q	0.15851759594045958	0.9434670662177342
137	V	-0.18727514647243626	0.9550566357987185
138	N	-0.08095004677044645	0.9449690939175963
139	Y	-0.0504529160877221	0.8660442091211203
140	E	0.16924251645814287	0.806642662288015
141	E	0.09218138672508334	0.9083528603482453
142	F	0.04325354494484808	0.7832687558397847
143	V	0.17460407728480334	0.6182189013548965
144	Q	0.42599700026669296	0.7234020621213265
145	M	0.4459584539890471	0.7609524736536163
146	M	0.48151842637593567	0.8060687977486767
147	T	0.8049232117829205	0.8298319801043127
148	A	1.5144479349021065	1.4254717703552717
149	K	2.3003376404390874	1.2758676116485343
