>P65206
1	M	0.21633099099312034	0.46224743259266166
2	T	0.9921450251312014	1.557771357480587
3	H	1.0997834277985443	1.4590816595244298
4	N	0.5944120784830161	1.1039478423825444
5	I	0.729519242753027	1.1845826878166414
6	H	1.8644372106999314	2.0119833623812706
7	D	1.3189800722617122	1.5578004707709403
8	N	0.8105005127785372	1.2692445375064905
9	I	0.6383857029657015	1.1236105127636469
10	S	0.4337681680023867	1.0135080732030026
11	Q	1.074475394719668	1.1178982186978
12	W	0.43061413101791735	0.9538980984496472
13	M	-0.06946133742053699	0.7097982063088488
14	K	0.3606276305091415	0.9312614583785527
15	S	0.5074091034593757	0.9060022672326794
16	N	0.1386849805955525	0.8287752927389346
17	E	0.8554938820870367	0.9413106776972733
18	E	0.39741403808418324	0.8161331079340532
19	T	0.37030033645066435	0.9178679627024918
20	P	1.1146600643490943	1.3501465967662278
21	I	0.563314280746574	1.1599619076441232
22	V	1.0580681078937315	1.481604988276864
23	M	1.445255982876568	1.640774036809075
24	S	1.641696211628807	1.8899557405580232
25	S	0.812720291885376	1.121895816711311
26	R	0.47466519818864344	0.7045678354779479
27	I	-0.23111567621780843	0.4665802286605523
28	R	-0.23428135423513932	0.5170777673889091
29	L	-0.3210731783968412	0.39393867582903047
30	A	-0.10396073146179233	0.5772613523641551
31	R	-0.0409040495858665	0.596533080997584
32	N	-0.17905337869304228	0.4769193046962252
33	L	-0.04881982550555855	0.4099687901673749
34	E	0.4950234688756212	0.5963320670693768
35	N	0.8297907560497683	0.9056958551843132
36	H	1.006491906516331	0.912082681589198
37	V	0.6433473588098403	0.866642891471388
38	H	0.24612435829862744	0.8644664078868437
39	P	0.7199268562866195	0.8277043492488934
40	L	0.8185914983373401	0.84276831183435
41	M	0.3143377830698638	0.7482487695527856
42	Y	0.20072849465166936	0.7588250123068319
43	A	0.6639217374183997	0.7627110866369825
44	T	0.3457749672981677	0.8202365265468136
45	E	0.1335153178398239	1.0249043079364382
46	N	-0.10772305604250536	0.657099091552527
47	D	0.4672888203347866	1.1778697315369733
48	G	0.1983833491833732	0.7664642285222691
49	F	-0.10146025091200021	0.5797020460899646
50	R	-0.08142859647195569	0.69314097508506
51	V	-0.30362558720047994	0.5608040617008335
52	I	-0.29987211193936625	0.47020215341484123
53	N	-0.10802697272503195	0.5471922082154755
54	E	-0.32845833326836354	0.509229788010392
55	V	-0.4359025871961751	0.47458483676896007
56	Q	-0.2690889943869603	0.5118616577200257
57	D	-0.28324710159124167	0.6123695891149675
58	A	0.06330287732308204	0.7086151836196303
59	L	-0.009923959307676106	0.4252063217251069
60	P	0.24584630022543758	0.45131869944566305
61	N	0.1781252707062068	0.8733390961846874
62	F	-0.6198243778923354	0.3444742114000251
63	E	-0.5727540439016039	0.5318326739833035
64	L	-0.36715404818031494	0.4473779770563465
65	M	-0.4304500812155597	0.4813872065137899
66	R	-0.3399814449149737	0.6033164793698612
67	L	-0.5540017551431285	0.3209632572697845
68	D	-0.44193878649030127	0.3847475205870234
69	Q	-0.2624723436947003	0.32232627990916607
70	M	-0.3602931407041543	0.4499409188645484
71	D	-0.3554538268528946	0.5198425207569869
72	Q	-0.2324898170280072	0.48130286793758864
73	Q	-0.20495896988004594	0.3997880836382795
74	S	-0.45886232600070065	0.503630327502775
75	K	-0.44547933935938405	0.3955400484588305
76	M	-0.40071457896285156	0.35220655603739076
77	K	-0.4464292387402242	0.320986862377006
78	M	-0.5532492092059271	0.2806230099638337
79	V	-0.575167537630983	0.27236823433689106
80	A	-0.34838283650664253	0.3844537463214282
81	K	-0.47670534487131844	0.43493168827563977
82	H	-0.47883305408106686	0.3890110529343275
83	L	-0.45134392073220003	0.3367673352661478
84	I	0.2788448101553688	0.5843935989838088
85	S	0.894623831478326	1.281936504310113
86	P	0.16711561886911452	0.3879881432583835
87	E	0.7241491361709126	0.7208881071971704
88	L	0.6458987620604757	0.5254816505397834
89	I	1.0538499208465792	0.9644337202698072
90	K	0.1262405404578017	0.5324562669111008
91	Q	-0.2641815404608361	0.5260167425917812
92	P	-0.056073643307938806	0.7107911261677693
93	A	0.04652888052692555	0.5147376724927901
94	A	-0.20484116118537593	0.49653001363603233
95	A	-0.20821344100290426	0.6100233984110935
96	V	-0.17402514746840475	0.43602498430458503
97	L	0.11729820646771931	0.8181187809469694
98	V	0.7194316013974362	1.1845300765671476
99	N	0.6562408647342071	1.127436103739805
100	D	1.6954858149249095	1.6473120276159015
101	D	0.048508399667704115	0.46330916562999763
102	E	-0.1881750443473478	0.668099377296413
103	S	-0.18660578439546302	0.7661260121060373
104	L	-0.06325793814291551	0.977856989679055
105	S	0.03305426261116819	1.129519529942281
106	V	0.14880767049140853	1.0992884751168437
107	M	0.16906766482828867	1.0285620852767015
108	I	0.1495437701342003	0.8587432668523401
109	N	-0.03559686538315784	0.5926624942248011
110	E	-0.12685372311587884	0.4402954076900843
111	E	-0.20354416832230263	0.5290947940444772
112	D	-0.4124975491775379	0.5026589420276851
113	H	-0.607785060082848	0.38577320235371876
114	I	-0.6304056115533263	0.29290883397613343
115	R	-0.7364541832815741	0.4125653115021819
116	I	-0.8051487387092967	0.22772049254180193
117	Q	-0.7401137835216616	0.24458527931459803
118	A	-0.8268983405039183	0.2665283827643742
119	M	-0.7725329538409629	0.27990807864264633
120	G	-0.6912442840597169	0.38106821380306466
121	T	-0.35449270130635224	0.3169968694776728
122	D	0.15636706948836468	0.9320947300651022
123	T	-0.3615369667420404	0.6115477622999113
124	T	-0.2244136780565888	0.37962199139234376
125	L	-0.521335215145376	0.21568817613972213
126	Q	-0.3245107148665594	0.24371254752686103
127	A	-0.24074276834275005	0.5362835628865414
128	L	-0.23702004368518598	0.5411812544101665
129	Y	-0.4662432565773689	0.2975672381738285
130	N	-0.14330835537107606	0.36273688008904925
131	Q	-0.09767173807481709	0.33442475136651
132	A	-0.12202674743066308	0.5384786301180879
133	S	-0.34518757003902395	0.4204319497491146
134	S	-0.46998615763648405	0.4396379723622302
135	I	-0.32570811360344465	0.41780899618899525
136	D	-0.024158351143104596	0.4918957624588906
137	D	0.0544351199443292	0.39408860942769824
138	E	-0.37753066001291546	0.2780669655900675
139	L	-0.16640574665573207	0.42380192542414097
140	D	-0.10510297601065448	0.4393526296947647
141	R	0.07840515226794495	0.39744834067729035
142	S	0.06324013000458403	0.6215317409691742
143	L	-0.24133964461719462	0.588846705198729
144	D	0.18981287410678163	0.633269065037399
145	I	0.3665449146835714	0.7360900250678816
146	S	0.4345289627483139	0.869811298123197
147	Y	-0.05175302432053895	0.469332922864057
148	D	0.4844271042662605	0.7753380189980225
149	E	0.9992530053473256	0.9487654807726577
150	Q	0.4430614397446709	0.7027840074736406
151	L	1.042372589208232	0.8697408975225147
152	G	0.6335539397222226	0.7214859379695889
153	Y	0.26168816602130507	0.2997426469683984
154	L	0.25455808173444616	0.5757601393531814
155	T	0.44829839800798865	0.6915415381290638
156	T	0.5390005122236434	0.6992652364347415
157	C	0.3557939035287304	0.9017481144686191
158	P	0.1730699099043122	0.9110227216923054
159	T	0.09661149290616174	0.8157568644941755
160	N	0.11952874544004763	0.7196685637693178
161	I	-0.2359768105705622	0.5539918172705454
162	G	0.027714540051209546	0.5827310493856145
163	T	0.5017118907289596	0.9289025112069544
164	G	0.20057596487100726	1.0069329437656505
165	M	0.42286999450419627	1.0236734453377736
166	R	0.6979411546575591	1.1101432807201115
167	A	0.6160422050813699	1.0405375519682138
168	S	0.20709262272977647	0.8049591599515707
169	V	-0.10893834178200441	0.7268970340638209
170	M	0.13462550043463306	0.6231741097891298
171	L	0.03596842875006705	0.6475629095736031
172	H	-0.2919833797245886	0.5620202247122461
173	L	-0.28437223758160896	0.7964016475025786
174	P	0.08318387909711022	0.8207943875077713
175	G	0.0023903540987813164	0.7763990479639622
176	L	-0.3198809401588033	0.7461188940545516
177	S	-0.4708177907073998	0.6706114006498073
178	I	-0.42703802983777733	0.7836717015318507
179	M	-0.5209805074265873	0.6438149150570778
180	K	-0.009158473080187362	0.5727940980328148
181	R	0.041967572280587	0.43337683021809537
182	M	0.1346265123978319	0.6252652571142818
183	T	-0.13259456912828607	0.7985114303139296
184	R	-0.029977009040949895	0.817142135249926
185	I	-0.23037228677955265	0.8423263875262967
186	A	-0.20196682943031258	0.7319070477592715
187	Q	-0.3382227123813893	0.7845809798649381
188	T	-0.2244072637413395	0.7852952949145006
189	I	-0.018032213486718147	0.9409480082732504
190	N	0.12168339989627794	0.7199724185470182
191	R	-0.024534984565544683	0.9252998457461549
192	F	0.04340682241138723	0.894240724964449
193	G	0.0033593811412007566	0.824204152013981
194	Y	-0.2465016903789065	0.5111643772715209
195	T	-0.3086588610070694	0.502689033821276
196	I	-0.292223674038823	0.36186571761760916
197	R	-0.30444815816118675	0.4271159535599045
198	G	-0.19453279324685024	0.496605836363482
199	I	-0.49299552617458053	0.6872190417098206
200	Y	-0.006683751226725099	1.255286707305896
201	G	-0.1538229838876382	1.3536891454376885
202	E	-0.10425124307495899	1.53471824624507
203	G	-0.10688799936955343	1.316073575666808
204	S	0.25681554963723896	1.2215159700738503
205	Q	0.7743112507466102	0.9337594315324461
206	V	0.4830323075499089	0.5851482001482025
207	Y	-0.07931837177301379	0.37599880583662565
208	G	-0.49093212631089217	0.3760419594350906
209	H	-0.7775785528537762	0.27953149147459094
210	T	-0.8681419319981843	0.28184935628422425
211	Y	-0.8596544747605351	0.19585052656045504
212	Q	-0.8257619134264212	0.20535011222710428
213	V	-0.7488205563840638	0.24480306193529017
214	S	-0.6769091102367323	0.2686409614754625
215	N	-0.35411732038484955	0.48736902790649195
216	Q	-0.36948971237342293	0.7235199400742771
217	L	-0.3450801489328309	0.7439246789209076
218	T	-0.5849367744825454	0.7637326054954914
219	L	-0.49265294680071897	0.9667982953588111
220	G	-0.5780043239350793	0.9513340178229938
221	K	-0.4128589531800585	0.7057733778747479
222	S	-0.6423108973270355	0.5733468384218567
223	E	-0.581137806915301	0.44904716067822276
224	L	-0.5158792695037897	0.49885238076907834
225	E	-0.23857057186819297	0.6862277077066046
226	I	-0.21801631190221218	0.4686943213294062
227	I	-0.24425276473100163	0.5227804945086196
228	E	-0.09582891102703144	0.4959584300201055
229	T	-0.13638795083408678	0.4752634077964467
230	L	-0.4277731178921145	0.414545235853335
231	T	-0.26859523579047745	0.4620681585031872
232	E	-0.21676818001666218	0.36541616645732133
233	V	-0.6373688612121234	0.36325483505379386
234	V	-0.6140379692222948	0.41646337234126585
235	N	-0.27403164849437944	0.47670372031590336
236	Q	-0.3632150165061166	0.45624814173588907
237	I	-0.6982694027645138	0.31070854828440364
238	I	-0.5995429203769709	0.2851662618790429
239	H	-0.20584014470292478	0.33802577536780626
240	D	-0.3545967927431769	0.4236063399172714
241	E	-0.5717980668110115	0.35033674627643113
242	K	-0.031454744183136985	0.5462838300269344
243	Q	-0.03598387455229417	0.4502456768815033
244	I	-0.3531889623266412	0.5547646321199502
245	R	0.05375538725507598	0.9385385842560986
246	Q	0.4975159422843779	1.1090983840379667
247	K	0.23280532903068293	0.9770594994850746
248	L	-0.12743197917887733	0.8100510243520072
249	D	-0.24779477275678516	0.7856609090764378
250	T	-0.13217911878481184	0.6717175915781857
251	Y	-0.3534461947790878	0.295059765761886
252	N	-0.5224255788788272	0.3417927396153675
253	Q	-0.390393076066032	0.3520099480303069
254	L	0.19220762952067338	0.5366822000094162
255	E	-0.42088367444616914	0.3391546725757626
256	T	-0.8088325226761842	0.4919124567164134
257	Q	-0.7925392914306849	0.5434234892531215
258	D	-0.9194574524200559	0.18852426355012009
259	R	-0.7218877050760427	0.29667651847515947
260	V	-0.7394336906745445	0.416037796264465
261	F	-0.786731158049729	0.22175876662342503
262	R	-0.8012077587075043	0.27061794596503086
263	S	-0.8348749165710834	0.22093966017754904
264	L	-0.766878655844873	0.5713703358476289
265	G	-0.8808050890485895	0.3041323250672423
266	I	-0.8932496344748765	0.31896946093163103
267	L	-0.8870543347237515	0.36952544579870383
268	Q	-0.9442115437798237	0.3734070918768441
269	N	-0.9207450923928295	0.2069346812440782
270	C	-0.9499954531872399	0.2563276026863002
271	R	-0.7399223315986301	0.4117998493092705
272	M	-0.8135368227376075	0.37841307889940123
273	I	-0.6863000824317098	0.4742454662449772
274	T	-0.39118967423344186	0.4231796310920335
275	M	-0.36231824237232	0.6273450163048827
276	E	-0.3403527271173622	0.7155243334717132
277	E	-0.13704199509064746	0.9639154327269849
278	A	-0.03849330454518918	1.1867797967686335
279	S	0.8729189127333861	1.2378502650277192
280	Y	0.7143242128380499	1.3859720965145943
281	R	0.9564521467288568	1.3846843037129368
282	L	1.4797973697955433	1.7398484163862737
283	S	2.7340972737022504	2.589370869596478
284	E	2.796536328346739	2.105513032111517
285	V	2.331937331499323	1.9211638742894803
286	K	2.100733527314524	1.9897025031833722
287	L	1.6220087370252343	1.4775863192130172
288	G	0.791982405371775	1.1691448389994825
289	I	0.756533092975709	1.0463240773888018
290	D	1.3079626555090649	1.2670371738934554
291	L	0.5562892992898447	1.0462876576061184
292	N	0.2607147571182261	0.8538026411149401
293	Y	0.3809816971933492	0.838736470491194
294	I	0.2423655829960938	0.6299291920449821
295	E	0.07677873523526345	0.693151923788487
296	L	-0.09708693632653774	0.7271974251377548
297	Q	0.45902715814009126	0.9176737632302716
298	N	0.47845000626700945	1.3401825531632146
299	F	0.12920513491164892	1.41302497137417
300	K	-0.1403968321978503	0.8804902572352116
301	F	-0.2578416154961197	0.6280032413694725
302	N	-0.29827011132316145	0.6860801447296979
303	E	-0.16900990021698803	0.8342014941539188
304	L	-0.2114778471663474	0.3597096889900373
305	M	-0.03939273594545042	1.102657124621458
306	V	-0.2749301721839536	0.5215791760865811
307	A	0.13736875310749783	0.6713713817859975
308	I	1.2813414031045718	2.170751576325191
309	Q	0.9550510880262506	1.547297305603836
310	S	0.4919335539375155	1.1950715265160796
311	P	-0.22860537200336659	0.77132216042045
312	F	-0.08796890540389604	0.6998331981989376
313	L	-0.5125516157623681	0.5010482251226532
314	L	-0.5457554541825573	0.5646146471043535
315	D	-0.2982401033102875	0.45233645948517087
316	E	-0.24159970012542198	0.6458985029555321
317	E	-0.14938821138997854	0.7407854357258543
318	D	-0.07689302599078349	0.6865748709587625
319	D	-0.16400032316272128	1.1182535529731001
320	K	-0.05815741016725924	0.9956955904441325
321	S	-0.14375859577059225	0.6720040014514811
322	V	-0.40685483931438693	0.49419750055380307
323	K	-0.5024759090163344	0.5381220744486801
324	E	-0.36290824732175225	0.708316614213562
325	K	-0.18012100097279393	0.6082073927368425
326	R	-0.3889541343061872	0.5820304015901331
327	A	-0.4513646602999059	0.6480964383581255
328	D	-0.17786004521529095	0.69538351987137
329	I	0.07874628854985012	0.8959740479528554
330	L	-0.20543366159352755	0.9033110656986308
331	R	-0.005382584648209976	0.9375067168816161
332	E	0.36467856078270533	0.9497561734118849
333	H	0.11524092066680014	1.1869850313378105
334	I	0.06647796537860186	1.2311095873377567
335	K	0.7928400490490821	1.281649639063172
